44001 52395
44000 21812
26274 14978
61222 31910
52555 6529
61224 43708
44015 54469
12 1344
52557 35191
17616 23172
61239 56237
26293 37503
44020 64584
52565 31519
25 43011
8824 29292
17626 12122
61247 53109
26300 1616
35231 46037
32 31604
17632 8756
43979 30465
61196 49216
17650 57138
17651 62153
17657 20707
8798 15998
61212 46768
35262 13278
8742 44966
43939 11289
8737 23019
35266 6818
61294 10286
35278 3214
17548 33984
79 29989
52490 2602
8745 19891
8756 22152
8759 17069
26358 41430
17554 33746
61296 38948
35292 2160
91 8433
52516 63768
61252 25144
35300 58328
61251 61881
109 53143
52521 32947
43914 26538
26326 45238
35317 42943
35319 63853
35314 9266
8720 59076
17599 3061
8732 7600
8937 1395
8938 45578
35084 5696
35075 60793
43878 6886
61351 43453
17497 579
61374 56798
52694 58294
17514 21642
52712 7804
52718 34222
163 15641
61313 11595
43840 49556
8898 28578
43842 290
161 46955
26116 15352
43847 15709
164 13720
61318 33542
186 15930
17529 14179
17535 32437
43868 39152
61342 60606
61330 29394
35123 41481
17527 18157
61334 22390
35127 12717
17524 62408
35126 29462
52623 57189
17416 3996
43819 19041
43813 20367
17415 27677
35141 42671
43810 21506
26211 1497
8894 222
43837 32199
61433 16355
43832 6444
43829 44031
35156 57512
61426 52786
8882 21234
8846 15182
52649 22067
43780 2296
52646 55846
35175 20605
52641 33899
26176 62612
225 56747
8862 21438
254 36126
61404 45680
8861 46887
17467 12241
26203 51953
52667 31825
26199 21965
61396 11816
17462 59926
52658 16882
34965 15199
52311 65485
9077 53823
60984 19500
282 26266
52314 31706
34972 5424
60963 26521
52293 55727
17860 40376
60945 33083
34992 35684
17908 21064
9044 13992
9049 31043
17914 64890
35001 28323
9050 44762
35006 43742
52325 34511
43721 31315
26511 13669
43725 2551
35029 24991
342 8246
61046 61014
35025 31995
52242 53330
26609 41243
43711 46581
35035 23665
52228 58872
17797 48111
52239 2789
52234 50474
329 3027
8980 34664
375 22509
26582 14774
8977 37435
8991 56917
52285 19143
8990 27966
8987 46513
43673 23427
8960 4948
26563 24889
8963 17273
52266 29258
35049 44915
43641 57699
26427 42705
43644 13584
52445 47975
34844 51120
17747 11561
400 52548
17751 35021
9207 20333
43639 61677
52439 54605
61101 32471
9197 29207
34816 9300
17728 6036
9188 14808
34873 39203
43609 44099
17788 61456
61075 38761
34871 60589
436 33032
17768 44796
34857 63411
429 28119
34909 32743
26493 24583
34910 59518
9149 30023
9146 46394
26490 40954
473 63683
9141 24447
52368 13380
17683 36585
9139 13193
43570 40818
61164 39968
52367 52837
43567 59909
34889 33491
17672 43164
9124 44184
43546 13210
26456 11340
17722 22458
17717 511
34931 29513
52403 52361
61139 13737
9105 443
43534 34766
17709 30295
61132 17664
26441 46547
34921 38387
61127 35293
52386 58498
9090 23138
482 37826
8260 64312
60678 27014
53101 31383
552 4540
53099 11425
60695 60045
25749 32607
25747 12649
561 64091
60701 27303
18175 38965
25756 22832
25754 54554
18170 17018
8281 17987
60711 45629
25760 55540
18112 16916
53056 32148
18114 11170
515 47737
25773 6359
8302 32046
8296 23036
25768 63292
43497 14451
8298 39050
43510 54486
534 20214
25776 53092
60720 7396
18140 23920
25790 61150
8319 49845
60732 60368
53084 21744
8313 31587
25785 45731
25795 29241
60738 61218
53026 4098
614 2534
25799 9181
53029 2959
615 7549
8199 45085
8206 8654
60750 40206
43406 28238
18098 3826
60752 64516
25809 49403
53045 26623
18100 37384
43416 12428
60770 40002
60771 14553
43425 51307
43429 9487
25836 13856
8239 33797
53011 62697
25841 45595
60786 46258
43451 49233
8251 29649
18077 29479
681 61235
677 13839
43334 1990
8385 8331
25631 9045
18045 55047
25627 50865
18040 11884
53236 47176
43349 48927
8400 40580
53199 58277
53195 13057
60840 15420
645 17647
25635 409
43390 25246
53213 43623
25657 56611
35610 52378
53208 17868
25653 30975
35605 30431
18001 25467
657 13499
60873 44371
8330 48298
35689 51443
43274 20010
35690 34698
17961 2483
25673 50899
749 59671
8332 51392
17958 27558
740 27864
60889 11459
60890 16474
35706 23546
35709 7175
35711 45493
60895 38421
8338 51154
755 1225
17968 11748
759 50797
8340 28136
17972 4744
43306 16202
25705 55795
53130 9130
60899 29785
17950 58430
25715 46921
35670 34358
52855 44269
8535 52429
35509 20095
60435 32233
26001 61371
52863 58549
18430 49182
26015 63445
18424 57580
18407 53245
43205 18735
35492 39832
8512 23444
35491 41753
801 62187
52846 40750
52842 47754
60427 62017
60425 41107
60467 37129
784 11204
18398 52990
52825 26691
26023 17341
60453 59535
52802 13346
35469 62391
18381 6903
8557 22679
781 34103
8555 2721
18376 63836
26065 1531
43152 30788
60496 25348
35574 24022
60502 21302
18357 7039
52795 38353
892 528
43139 36857
865 2347
868 16984
35559 48893
8456 60572
8457 62867
35561 21268
876 11680
52783 42501
878 62510
60492 11136
879 21829
60493 48247
26098 26674
18323 43113
35538 52242
8501 17919
43190 5526
26101 60351
43191 14893
859 21489
8505 26147
43178 9674
60525 919
52750 17358
60527 60997
8669 34919
959 50933
952 12972
18297 27235
8655 49573
35371 49505
8651 4353
60551 16797
8644 57784
52960 34868
25919 26997
18271 49301
924 35888
52959 60181
60600 17324
922 32794
18266 27354
18265 13635
921 27779
25911 30125
35351 29581
8692 38472
916 41192
25907 58889
43120 25892
8688 1956
904 23580
25894 5798
43108 38744
43109 51919
52929 17035
897 63819
8673 26283
52927 29173
52925 8263
18225 16219
35442 15794
8587 29377
8586 426
60623 27813
43023 20197
1004 44320
60621 63479
8581 65519
25925 60079
52889 6019
35419 34545
43069 36551
60668 46224
25968 12836
970 36330
60655 24005
35407 56101
8620 8416
972 39424
18178 60130
961 38795
60642 33474
60645 14927
25957 56271
9773 17239
36298 62442
1098 42858
51462 44422
9763 61337
36288 47380
25340 20112
51485 44711
9784 54316
60275 42569
16531 30057
25295 1701
44940 29632
1132 16032
16553 307
36330 41226
9734 13958
60230 62918
1124 56152
51495 63037
9731 30329
1120 63156
44931 49913
60253 63207
36351 52021
36346 30074
60250 9946
1137 65179
1136 43300
16587 34817
9835 7073
36232 49692
51534 57614
16588 8960
45026 46530
36229 13295
16583 26589
36250 58906
25275 36177
25277 60487
36252 62000
16606 57342
16597 59807
36245 36959
16620 31264
51554 57410
25216 7124
51555 31961
36280 39084
25243 39985
51576 42348
60187 11697
25241 58243
1085 53959
16625 63003
1221 36143
25186 61762
25199 34885
9897 43827
36183 205
60414 31774
16415 26453
44859 7889
36187 47601
60408 40172
36196 43096
1254 9062
16419 17817
25155 5305
36193 28459
36204 37792
51631 35973
36207 47941
1259 31009
51624 32828
60360 46428
51627 42977
44821 13023
60373 55455
16437 48383
36211 17256
60382 35582
25180 34800
36219 43793
1272 44524
9956 10456
25125 33423
60324 9368
1158 37894
16456 52956
44906 17290
1161 12819
60330 5322
36107 31553
36104 8348
36110 65230
1168 48196
44919 31213
9975 33389
60346 11578
44922 6138
51682 3010
9926 56390
44873 11731
44874 21098
25097 14995
44876 41600
9932 52480
9939 48553
60307 25705
1207 32301
25108 65128
44886 16950
16798 51902
51225 8195
44730 24634
16790 13686
10034 27762
36046 16270
44718 11374
51209 58515
16775 21149
1350 19398
36036 1208
25573 45391
44707 24345
16769 2891
51202 12258
25568 56628
16828 32080
1406 42654
36085 55999
25559 15437
59987 50729
36083 27337
25547 65281
44680 19228
59975 11357
16807 34749
9991 58141
25542 43334
1376 32692
10107 273
44798 44830
25527 45357
10102 47958
10095 4421
25507 46105
25506 19330
51267 48825
35973 43759
16837 23087
59942 10150
59943 15165
51326 55710
16882 44082
59920 24260
44758 10422
25495 40461
10056 48604
51309 18327
10052 59960
1488 27524
16668 38064
16664 14604
35908 12088
51335 34205
60134 52582
44576 40308
51328 50644
44578 51970
16652 40512
25451 63649
1480 2908
44587 32097
10132 23784
10134 57206
16694 64278
35956 27592
10140 18480
60124 6512
10137 10371
10138 15386
51384 34732
51367 47805
35943 33661
10119 64669
16678 23206
16673 1259
51361 12139
25410 35106
25422 14094
51372 56288
10120 6172
35947 50593
60084 19976
35862 46326
10233 51171
25378 56322
1408 54996
25383 19517
25381 55183
1412 26232
25387 53857
51400 33372
16712 5084
44653 61847
10220 26912
10193 62459
1457 5339
60055 53517
35894 25110
44632 59212
35903 22645
51452 63632
51453 61575
60061 12071
51426 50882
51429 32335
16743 55421
10186 18922
51439 41413
10188 22016
44623 38693
35884 6240
25359 50661
36841 57971
9229 3639
1634 44354
52001 27371
52006 49318
9221 11119
59739 65009
9241 25603
36862 14366
1660 30992
59752 27388
24811 48417
9259 5985
36808 29020
51982 4302
59759 65349
59756 55200
17039 26725
9250 25858
59745 45867
24806 26470
1625 61507
59771 61201
1628 17392
51996 64176
59772 44048
36821 38047
44469 50559
44493 50423
9292 45952
59656 25756
52073 12020
24713 30227
59659 48961
36773 53007
9286 49862
24710 55302
1573 16015
17147 11153
44507 28017
17142 58838
24726 44150
9302 56118
24727 27405
1586 58226
59664 54724
36785 31451
59667 19177
44523 35361
52040 31196
1547 18497
44518 13414
52036 42552
36740 52344
44516 40920
52033 58379
36760 55948
1562 30618
1557 8671
17110 62646
17111 28493
36755 8297
59840 64788
44291 43385
59844 22968
52135 60861
16932 50712
9355 42433
9357 18871
59855 14757
44305 63547
36723 25161
36725 1599
44308 60776
1789 647
9377 29547
1729 51851
16900 32760
36678 45510
9382 51494
1737 48723
16908 62272
24684 33440
44337 59739
16914 27218
52118 39798
44342 12054
16919 64397
36703 14485
36701 45799
59901 31111
16995 18905
16992 2228
44355 953
9423 62629
1711 22917
24591 55013
52204 9504
36654 35310
44367 16933
36650 59722
44372 40104
44369 21115
9426 8722
1713 27099
1723 18769
9447 5373
44389 21455
36610 25314
52161 3979
16974 44558
36618 63530
52170 1514
52177 45051
36639 4693
52188 63088
9470 18718
16991 27541
1689 40835
36633 38659
1691 22577
16986 5594
44186 19738
17339 5713
51768 36908
9501 62119
36607 4149
25054 9470
51772 12496
25040 44932
17328 48740
51761 29275
25045 29343
17334 53398
9494 50678
36587 57121
1899 46241
44174 41294
59457 27915
1894 24294
17318 29734
25080 14060
44222 26334
1884 56560
17309 16423
44210 47346
1872 20996
59511 749
44200 28476
59498 4234
25064 60028
17295 31077
1858 17698
36549 62255
25063 9725
1863 33117
59495 51069
44254 5118
1853 49607
1852 16848
1848 23852
44251 6257
44249 41923
1845 61439
36534 49046
59414 63734
36535 58413
36532 2568
17398 10966
17393 58651
1836 54112
9548 15488
24974 63054
36522 53194
59399 10269
1829 37775
59393 52939
9599 1973
44282 60538
17366 32182
1811 10048
1807 33253
44270 64686
44264 3452
9577 7923
1796 19704
17347 42297
44259 60249
59600 5764
44056 27660
24925 37095
2044 41872
59615 16661
44061 57767
36477 20231
44060 33712
17187 13465
2021 27983
24902 36806
59588 18616
51881 26419
59598 33678
51885 49879
24947 56424
2002 39186
44080 55268
51859 56169
59635 44745
44084 48264
17173 65247
44087 43181
24948 31944
44089 21795
59641 3299
2008 52684
24958 60062
24928 50100
1991 22237
9643 60385
44073 46003
1993 851
44078 4846
51959 15981
44114 28306
44126 42110
44125 15335
24857 29955
9689 46275
9690 51290
59525 61167
1952 16372
1964 51936
51949 24855
59530 13482
24842 54826
44104 732
17237 5407
36368 6852
44147 12105
51923 31145
17246 2942
51910 38982
9698 20418
51916 35072
1933 31927
24874 51018
44137 20979
51915 60929
17225 63955
11001 64227
2202 37146
41849 44643
2206 64958
19551 53653
50653 17511
28209 11867
50643 61609
59312 31332
28213 57087
59318 35990
19540 18344
33045 4319
19530 8042
50639 32165
2190 58702
10976 52276
33025 57291
59302 12326
10970 55642
59291 9521
28191 35157
50685 48519
2226 64754
33072 59620
19569 30363
19568 8484
10954 14570
2216 45884
59276 64448
50671 10949
50657 8875
19555 45017
28160 52820
10945 34443
2208 38132
19556 21336
10941 25671
2270 22526
2264 4812
2265 59331
10939 1361
28277 32063
10929 9691
41777 33627
10927 5509
33100 32896
50571 11969
33098 12394
2251 1
2243 11833
33151 19381
10907 5169
10900 54248
2289 28187
33129 25331
28232 61660
33130 8586
2280 20860
2072 45068
2075 33457
10874 54010
33155 41209
10850 26946
59168 27252
19653 1327
59172 20248
28329 9011
41963 9249
10856 49148
10858 65162
10862 58158
33164 20928
10863 69
59157 47839
2101 13567
28309 58719
2106 35514
19707 37265
19704 9708
41947 1905
28316 48944
10818 30754
50529 63275
59141 6767
41933 24311
2094 22254
50541 5271
2130 45714
59263 62901
10814 37214
10811 55761
19590 3078
19587 19449
28397 7447
2120 18140
59242 52106
28392 64380
41898 40138
50441 45459
50484 17800
2166 17494
10772 30312
59222 51766
41875 60521
19644 45136
41887 2517
50489 8739
28376 48332
28358 21574
28355 55353
19627 56033
28363 43521
10763 1089
59210 55914
10760 47516
59051 12513
32781 21047
59054 46190
50382 51086
59043 59161
32770 47074
28449 9963
59044 57240
32773 28527
50372 36024
11237 10575
59066 59450
19800 54860
2462 17086
19806 29054
11260 24464
50399 34069
11248 28068
59059 8841
2449 43963
32791 3469
32811 23393
59016 54044
59023 9317
32802 43266
59010 36194
41543 46173
11207 4829
28423 23325
11206 8518
11224 35276
28440 23308
11229 61031
19838 7838
19825 34715
41554 2194
11218 21778
41553 42875
2483 56713
41557 35871
32844 63360
11180 34528
50314 30890
28519 64125
41511 49981
19717 50287
2523 45425
32856 50508
50324 10728
28534 13142
11191 10541
59120 23716
41520 29156
11149 14519
28488 13788
11147 55489
2539 52769
2534 30822
28481 40971
19747 39577
41501 31655
59101 4455
41496 1548
59095 11085
11159 5645
50241 45323
41699 34137
2304 48468
58916 33304
50244 46904
32904 10524
11115 28833
32907 59841
32909 36279
41710 38574
11117 48791
41722 34426
28604 40784
41727 56373
2332 3248
41664 34324
50278 63462
28551 29853
28553 25875
2344 188
58890 6954
50280 5628
50286 14638
32942 2670
58892 44864
58893 64567
11088 3588
58898 9810
11091 55081
58903 46989
19958 37078
50298 10490
41689 15811
2367 9589
41692 41328
2371 18361
19840 20180
19854 10830
11055 12037
2383 34341
11052 36704
41640 2364
41652 54792
32982 1718
11060 61320
32978 26130
2385 38523
58994 33202
19869 42535
19867 53041
11065 52259
32999 22781
28613 31791
2405 38863
58949 12207
28610 50338
58958 27150
50223 16389
50220 41056
11023 15845
28622 46734
50216 65468
50227 62136
28625 27643
50239 57461
58975 10133
41308 13040
58782 34494
10461 65383
2746 42042
20090 36602
20089 40291
10452 16168
27669 52191
51191 2925
58770 3282
41299 28969
33586 45170
51181 11799
2734 28782
20072 31740
58759 3741
58758 7430
20066 9538
58814 30686
58812 14672
10488 27116
10491 54673
33550 39118
33547 5441
2696 36636
41320 62204
10475 13601
33545 10796
2690 18786
33659 17681
51130 28986
58843 62833
2814 62238
58844 19568
20030 19806
51133 12615
27740 60912
20018 23410
41235 53993
2800 6308
10390 9334
33654 65366
27723 36993
51114 22730
58830 20622
27715 31417
58818 24226
27718 15046
58821 5679
10374 20486
51108 26776
41274 39866
10428 62544
41277 6087
27774 38302
19988 12904
2774 27830
41268 35208
19976 30108
41260 10592
41261 47703
27745 58923
51074 5730
58854 48230
19975 53789
51061 36415
10324 35752
51059 59977
58652 20656
41432 9164
10330 49114
27800 25484
20217 46819
2596 15896
27780 21880
2592 57716
27776 33236
58636 23104
10314 25450
27787 7617
58678 46870
33685 10847
10353 47771
20176 49284
20186 38234
27835 62289
2565 54639
27815 30397
27814 16678
10336 45748
10339 62425
2572 27456
41455 28357
27820 38880
2573 47159
20169 13907
58664 17596
58705 55931
33786 3962
33791 25909
58689 14859
58691 35769
27848 15964
33770 15114
58703 51749
33747 681
20114 59858
50961 20027
20116 36840
33748 64040
2647 4557
50971 29105
50975 39509
50974 10558
27901 44167
27873 4523
2624 45204
58727 38013
10282 46666
20106 57002
20108 60096
2638 9742
2989 54231
50926 21166
33325 34647
50922 28170
27908 63224
50915 16729
41026 4642
27905 5067
41025 62731
33340 47312
2996 59144
2998 18582
50932 8008
27926 15862
2992 13924
10704 10116
27922 22866
10734 51630
2956 47040
10728 25212
33286 31366
33281 9419
41058 834
27966 32862
41082 27898
20311 61133
41079 35565
20307 37673
58571 17409
33387 24481
40968 21404
20267 1633
20268 19296
20269 56407
10624 37588
3042 63938
10628 8824
20281 34851
33403 48145
58587 41073
58584 22220
20282 48570
20285 14791
58590 39934
10653 59943
3057 23835
20276 43912
40980 4200
33396 1480
58581 42399
58601 62323
58600 38268
10665 39475
41004 58464
3011 7481
28024 24940
50846 4030
41022 11102
10674 34290
41010 14706
2852 2840
41156 53432
2848 9844
20449 34987
20448 4404
58368 26708
10573 52599
20463 37061
41161 5203
10571 23937
28048 324
20464 10660
58385 6971
10578 15250
10589 2279
20476 7056
41183 51477
10590 46462
41178 29530
2875 25297
58392 62476
50759 28765
41184 26164
28066 45442
10592 15284
28064 59892
28079 18565
28078 59246
58414 39662
28075 25569
50773 18463
20434 4370
10609 52123
33439 32981
41209 38115
58426 52922
28089 15267
50721 5611
50727 32573
58440 35548
20396 17120
58450 63122
2935 48621
33525 29887
28119 41549
58461 50151
10531 56985
20363 38081
2890 38506
2889 29139
10537 50355
2892 59008
50704 41668
58485 5951
58486 34902
50717 14247
41151 20469
11957 2687
49554 20690
34130 32658
58352 62884
18451 49641
27261 37639
34142 63870
58364 59280
34141 19687
49542 24838
11940 22424
11937 55659
58339 3673
42785 44779
27244 59552
34123 41345
49545 17171
34164 14536
27221 1055
18483 54537
3314 22322
58322 56594
27217 8059
49598 48094
58335 12309
42776 58124
58311 39645
3300 53976
18466 8450
11906 1378
42765 16695
42766 21710
11917 44983
58313 18259
3217 39611
18512 42756
49617 18939
49620 3112
12022 6614
18518 38710
18520 15692
34073 12547
49628 36976
3231 59093
12001 65451
49602 41634
58272 33780
12007 31485
18502 32454
34058 37418
18507 54401
18508 28544
42862 45102
58286 33134
49614 38030
11986 34834
49657 7651
42843 4081
27166 41022
3237 39951
34090 33610
58250 61354
58253 49335
34094 9198
42943 33525
27391 21557
18584 42892
34261 11935
58226 20146
18573 1463
27374 3758
18571 25025
27370 10762
58214 41702
49415 14621
18564 39288
58210 13890
3137 10507
49471 44405
11801 51715
34299 6801
11799 12173
49463 47533
58192 38404
42898 64210
34291 14281
11789 29751
42889 60691
34281 31859
49448 35004
34280 42620
3174 28646
18598 34086
11781 37231
58183 50525
11778 55778
42881 46411
34200 29836
58168 41260
58174 6750
43007 8501
58172 34256
34190 45646
58159 46853
18639 45221
49475 53177
3073 35531
49473 32267
3078 57478
49476 16440
11867 17137
18686 1310
58141 1191
49520 30244
34226 51698
42964 46632
58135 33933
49526 4438
34217 56883
27273 56339
3112 30652
49518 1582
3117 60759
42945 21387
42944 3860
27265 59467
18657 21931
11840 27796
34213 26895
58116 37112
58118 902
3524 5560
3521 64907
18689 22475
58082 7362
12205 36823
12214 1174
33876 53160
18710 33270
49301 50015
27509 19007
12212 41736
27508 58056
42545 46683
3539 26793
18706 40274
33875 7209
49308 40240
58109 18055
42556 29904
27513 9827
49325 23767
58061 37367
58058 49386
33897 28340
42518 2806
12176 61252
18736 24804
3581 13703
27487 31893
18750 50270
49337 63139
49347 46649
58023 4285
49350 12870
27438 52718
58028 12768
58031 40325
33807 37605
58033 44507
12273 6427
49363 5033
49368 39628
42619 30737
49371 58481
3481 53891
27394 42722
33834 64074
49384 55676
27409 2619
18802 63666
27417 56067
27423 22101
27623 35837
18819 6393
49152 44116
57953 32811
57980 48400
57982 12190
27643 50321
34004 33576
49169 24379
27635 57801
18832 17732
49198 57070
57933 22135
3432 9980
57931 10881
42629 239
18850 62850
42655 15573
3452 26640
18873 32675
12058 34970
49201 3163
18889 61779
3337 10643
12137 34035
42733 42263
3341 60215
33921 15947
33923 54265
18906 33882
18905 28867
12159 28085
18911 55829
3347 1769
57907 11017
3344 37316
27569 48859
18903 58957
42741 12479
33942 26742
33943 9997
33962 27082
57867 35905
18915 47193
57882 48026
49267 64329
57875 6121
33974 22934
49270 52310
57877 26079
49269 23359
42258 57682
34674 2738
42266 8858
11422 47550
50081 7787
42241 39883
18979 43929
3814 35174
42246 61830
26692 29496
57800 20316
11440 18276
18961 50491
57843 31689
42288 42212
3796 59688
26740 45000
57851 24209
11449 10915
50075 26929
57854 5662
18975 52565
26751 15029
11424 20724
18947 12921
26726 46054
57833 49267
19061 49471
11477 7583
11473 14587
19067 13329
57752 47244
57732 43640
34599 2109
11458 54690
34594 38914
11456 60436
50158 8110
34607 29445
34603 36449
34583 16525
42359 5101
11508 51528
3734 52854
3735 36109
26678 42518
11505 10779
57777 22747
26687 40053
42360 59756
57765 44303
3718 64006
3713 42059
42339 49369
26668 23648
11497 27507
3721 38931
26664 48060
11291 16049
49979 60113
57695 5781
42384 35140
34800 45476
57682 50066
49961 6835
57675 58753
42380 3520
3692 42144
49952 44660
34784 39220
42371 23801
49956 37656
11322 18106
42425 50083
3667 33321
26866 39730
42420 15624
34763 47873
42408 50236
42415 53381
42413 10711
11297 49131
34758 25926
49925 24175
50045 41991
50042 58362
11349 61983
34743 27949
26770 16338
50033 8603
26769 57019
19180 57376
26764 16576
34734 15726
11337 16083
57602 16610
34723 28697
34722 1922
3614 23614
11384 55404
50008 28748
34711 23053
11382 86
34707 1888
57646 26606
3599 63717
49997 9079
34698 43946
26789 57359
19143 52701
42467 64601
41986 29666
49826 32386
34401 15403
11650 49250
57541 53551
4071 18429
19240 61116
49835 29921
49838 63598
34415 17477
49843 26249
11665 26555
19250 10354
4083 40393
26967 17613
57556 50984
49845 54911
4088 22764
4091 32913
49852 19024
11679 28629
42016 14196
34370 48162
49794 53602
19207 40733
26980 60504
34381 4727
11699 39305
4048 53636
57592 61932
19224 40716
4062 18174
11709 56135
42048 1684
57473 33355
42063 12581
19310 27694
26889 28051
19318 30550
19312 56356
49904 41124
42064 60164
34366 54622
42072 33100
42093 35735
11757 55319
34318 52174
26925 12887
34312 64924
57514 44490
11767 46445
34324 47720
57526 40342
11765 25535
26932 392
57527 49709
49885 21863
26938 5050
57418 60266
49706 3146
3936 58804
11520 31060
42119 51613
42116 56696
42136 60300
19388 58192
27101 103
34556 2704
11550 54078
19391 16117
57427 24617
27091 44201
3956 40648
27114 58634
49674 24362
19337 43283
34506 31978
34509 19959
19329 29003
19335 47261
19334 50950
42151 65213
27130 47482
42168 52140
57469 11527
19356 1072
11571 24073
19346 46802
57456 60708
3922 58770
19348 6376
27124 3656
42184 50780
27013 30703
11589 25263
49765 8399
34495 63989
57374 14910
34493 43079
11609 57155
19449 33763
27029 54367
49778 50610
49777 4251
19406 64142
42223 58821
19404 4608
42213 49743
11623 3197
49733 29615
19397 49199
42209 39339
27064 56492
19412 29224
49751 39373
56434 7090
13138 41362
39092 28680
4408 49964
65048 18956
65052 25008
22015 17205
30595 15097
47812 9912
21994 6410
4399 55557
4370 5458
47859 36041
47858 31026
4375 42637
13172 23240
21972 55336
65079 34477
65082 9402
65057 40427
56384 36500
13152 41396
4356 45816
21962 27626
65065 37299
39049 65043
30632 41532
30639 44677
21964 30720
30637 2007
65106 19602
4466 28850
47761 48315
65118 33406
21944 4268
39162 8314
65095 63581
39142 61286
47749 52463
56354 60674
39139 8025
13058 7906
39150 12462
47754 4778
56363 40801
13066 46122
21909 2143
56343 20877
21908 32488
4432 47108
21913 19075
47781 48655
4418 43810
39106 2466
56322 64482
21889 55115
65129 12275
13098 42314
65178 11034
21883 8977
56574 53534
30493 53415
65182 38846
13278 766
13264 36228
4535 54061
13256 11612
65166 32590
21868 2976
4512 42484
47681 19211
38951 23869
56551 40189
47684 20792
13307 15505
65209 2211
13304 5356
30526 58974
38942 49726
65214 17630
38928 32964
65202 38642
56530 43538
56534 19126
65192 19772
13288 51324
21832 57308
13289 40563
47719 42365
47718 37350
65244 58736
56506 33338
13208 38540
39032 3180
65241 33219
56501 11391
21810 36466
56494 20078
4581 54095
4576 65332
13184 63700
21793 53483
56483 33049
47617 44235
4579 12377
47679 31349
30584 51052
4567 24141
4562 65298
38995 59433
56461 53687
47660 14944
21774 30414
65262 55982
56456 27932
65257 18803
4553 26963
4551 48349
13221 35599
30336 59348
39332 18072
48068 14264
30343 42909
39338 14026
65297 54843
21751 42093
12884 61864
21749 21183
56695 39917
30360 51596
39357 3911
30369 20843
4105 23699
56650 29802
56649 20435
30380 64992
12908 24736
56652 50304
39315 34409
12912 52004
65331 15369
21715 57257
56662 25654
65334 3350
4117 34783
30392 43436
48127 60725
12925 2823
48125 22407
65349 16559
48005 21999
56608 1140
12815 46309
30415 53925
30418 18
12830 6206
39422 40478
48025 62595
65370 62170
39419 59025
56635 16593
30437 41039
65381 12751
30433 30635
30434 59586
4173 30839
4182 3894
56597 21727
21649 4795
4188 43504
12861 62663
39390 44286
56602 43674
65401 62051
48056 47788
21611 15777
4271 49029
39214 61422
65410 40546
4263 12989
4283 44881
21627 39441
65439 19925
65425 17851
56817 15131
30227 58345
39217 7515
4273 53211
47959 8909
13012 42280
47980 46496
30240 5492
4228 4472
13030 17766
13048 53228
47995 52497
4248 8076
4251 48689
39198 1854
39199 30805
47996 35344
30259 63241
39185 11323
39188 8552
4335 6597
65485 41719
21549 25943
30284 37248
47880 17052
47883 40257
12934 46598
30278 41158
12931 62969
4348 28816
12951 18701
39285 27711
12950 35446
56758 9878
21553 55387
30317 27031
56716 38336
65517 46615
4298 58090
12970 35786
65508 32216
21510 22662
39258 18650
39257 4931
65525 16831
12983 41005
30133 15743
47344 15012
47347 25416
64562 32114
30141 21319
12668 9232
64574 28510
39576 34188
64571 47057
4871 5917
39556 30584
30116 35480
47335 57597
12644 25688
12641 11051
4876 31808
4918 55574
22518 63190
64538 4506
39608 26028
64519 62493
56935 24957
56934 19942
30082 14434
39585 3435
22510 60334
22504 33916
4904 26300
12594 53874
47283 137
4945 64635
56854 37622
64636 4880
30206 57886
4931 44473
56835 65145
4929 23563
47266 6274
22400 46292
47267 50457
47268 48536
30183 61949
22404 17528
56838 48774
47275 3809
30189 20503
39631 36517
64622 49454
4976 21540
12560 19908
56886 16406
22459 57937
64601 35395
56895 13941
30174 61694
47234 27490
39650 42178
4967 46717
39653 23631
22441 48179
12555 14145
12557 42807
56877 52055
12558 47822
64701 16967
5022 43198
5014 4982
22357 57631
64689 987
47218 24498
30001 24923
39443 40937
22349 61303
12778 23818
22347 32641
39433 49811
4998 16134
22342 10694
4999 12445
39426 3554
47199 1429
5054 39390
64665 14723
29979 37809
29972 25960
47191 13261
64660 45544
22385 60827
57074 13618
29969 28731
39475 45833
12748 48128
12746 45034
29955 8569
47168 53908
12728 21676
30073 35939
5084 28272
56977 30907
39504 34052
39510 30006
30069 45119
22282 28714
47147 58209
39501 56951
5070 29326
39500 19840
39491 40121
39494 23750
5061 14383
12697 36483
30042 36058
12698 41498
47122 1106
64720 57988
12693 19551
47127 38285
12692 49896
64714 5866
64713 22611
47116 36160
64705 25739
47109 63343
5094 56934
22213 27439
64805 11663
64802 12802
4608 35412
64815 3333
64813 65111
12395 33185
22228 24872
64821 35327
4625 15675
39824 9028
29874 12530
4639 17749
12411 56849
57185 19755
47555 16185
57196 29088
4654 48366
64783 7141
39855 27269
29854 12734
22264 35820
22145 7243
29923 25433
47526 3622
22153 4115
29930 36874
57102 56526
64877 40087
22160 39492
57104 28612
39895 50253
22167 1293
12342 7702
39898 25178
39897 20163
29946 25722
12348 56016
39903 47125
4701 58855
29951 47669
12351 5237
64832 40852
12294 40070
64839 7005
22186 18378
4713 64499
47503 4965
4723 55625
57138 62578
22199 23597
22198 14230
4725 14655
29913 7107
64860 30448
57292 56832
64940 25824
29737 11187
47466 43402
47465 60147
39686 35718
64931 2585
39681 13771
57280 38676
47487 54197
47485 15879
39709 36007
47482 32250
39702 24566
29748 13448
64951 1837
12533 38591
29744 20452
57299 18089
4755 21353
12531 9929
4781 15063
22124 7328
47433 37843
64906 17834
57322 32522
47434 47210
22117 60623
22116 47448
57341 4999
57343 43317
29725 22951
29712 50372
57224 40988
64992 13108
47392 18548
4806 4166
4807 17885
57221 4591
64997 1871
47396 11544
4824 30924
47419 34001
57241 45187
57244 53296
4830 48638
4817 58107
65008 19364
4821 51103
64971 21761
4844 22560
39779 23257
64984 26572
64989 52327
29790 7294
14108 11952
20925 38727
64095 62357
48795 57393
64090 40410
29656 460
40183 7277
20917 33151
64084 27048
14092 14400
40172 48672
29647 40869
64074 16746
20906 48842
5482 60810
20900 52888
55333 7311
40152 57036
48827 53585
55322 21914
5464 20044
5462 60470
55316 39016
14135 21421
29684 29768
48817 61915
14131 50185
40140 26368
29679 19653
5453 375
48815 57733
55310 43470
55304 56220
55307 9793
48806 7974
48807 21693
20866 31842
29665 17579
64018 62034
20983 29037
64010 59178
55400 57852
55407 8773
48847 19109
48845 54775
55394 35650
5408 35956
5411 4761
55393 6699
14147 27065
20964 23512
20955 10609
48893 35463
64061 27847
14192 4132
40083 47465
5397 56543
64042 37962
48879 15301
55362 39458
14183 29309
48869 6223
14181 47567
5622 2262
40053 40767
48661 43487
29527 43725
14225 52667
20785 42331
55487 55285
29532 4336
14239 54741
55485 34375
14238 25790
55483 10065
64197 10031
55471 14213
55444 62952
20756 43368
20753 46139
20766 36670
14268 5968
55451 13873
20736 13652
29549 13975
64235 4897
39985 20571
29459 45289
48726 12598
20853 62527
5558 44694
20857 53347
39992 28204
14300 10864
48732 52208
64131 28153
55520 60980
20837 4047
29449 54163
48715 28289
48717 39543
14322 17970
39953 41787
64179 61065
20817 3707
64183 6189
29493 9215
29498 31162
55514 64346
20825 39747
64188 53840
5533 7719
48766 29598
39967 43861
48737 50219
55489 43147
39939 4217
14310 39526
20805 7855
14315 61473
55498 23274
48751 52293
29485 38999
29390 59790
64333 43895
55596 45408
55599 20741
64331 15233
29380 44728
5219 10201
20640 3316
13824 18004
55586 30210
29407 42773
13855 341
20670 8926
55613 40903
13852 59824
55609 60963
13848 53772
49047 57869
40434 61490
20656 868
40398 55438
20622 23886
13870 30958
55556 11000
49058 36738
20637 55591
5215 18837
20638 30142
29433 29411
49081 6563
13882 44218
49079 62765
13877 22271
55575 7821
5207 30669
40401 36347
64369 43419
20714 54282
49097 35667
13897 42195
64266 11306
55661 57495
20718 47278
29324 42688
20707 42841
64261 58991
49113 2755
20730 43130
49114 7770
20735 65077
40380 49488
40382 65502
29332 19432
64297 41651
5130 15658
5132 53568
20672 43028
64291 48281
49123 21081
55618 8994
20674 37282
40321 20299
55623 24413
40326 42246
20700 50032
5138 18514
55632 12292
40342 31094
13942 26198
20519 58685
48900 54520
48902 18310
29249 54027
20513 31723
55726 7022
20521 28595
20535 25773
5366 50134
40310 21846
55735 19245
48918 7158
20532 30856
48919 51341
40304 47652
64464 1412
20528 37860
13980 14128
20538 698
20537 4387
48935 36925
13984 46836
48943 64261
64494 42926
29294 23342
13992 54588
29288 14332
64488 16508
55703 14349
64502 45782
20508 16304
5341 13159
20509 40359
14014 52446
29311 41141
48952 58668
29306 19194
64384 28884
55776 30516
55777 61099
48962 52514
64388 120
55781 19279
14023 477
40230 40614
40232 52412
5291 21217
14027 8705
29192 12700
5294 54894
64398 19534
55791 63173
48974 31502
48976 55812
5299 17545
55792 36772
40242 1650
5301 46207
64408 3724
20600 37996
14040 13516
55804 33168
5308 10320
48995 5849
48994 31298
5250 44898
64422 64550
55750 17222
40199 32029
48998 59110
55751 13533
20551 54877
64421 783
64425 30771
14060 5152
40204 57920
5263 18021
20561 51579
20562 10898
64443 40529
49016 16236
40216 32012
55768 43980
20574 24702
55832 36364
63611 22033
55836 42416
13628 25552
13629 58311
21392 43844
63605 58175
5975 26317
40663 45901
48310 57750
13615 38149
55808 596
21379 32505
13607 10813
40696 1004
6012 52752
48285 3367
55856 63972
48279 44813
21428 24328
55863 51885
55861 4863
21416 58940
5992 36092
5996 63904
21421 19415
21423 62085
5985 54571
48257 50763
29123 51001
55901 24039
48383 12853
21466 59994
21465 54979
29110 62102
5907 27881
5904 63428
55890 37010
13675 54945
55881 24787
55880 9436
29097 4659
13670 32998
13666 5186
63523 52633
29089 16491
29085 25127
63519 61269
40636 36432
5945 35
55926 8790
40627 43657
5933 21591
13646 5390
29071 39781
63491 21625
40610 49794
21474 29122
6099 52905
55957 6495
40532 9640
13751 36653
40535 56781
21274 17562
6109 8807
13728 25076
63716 1752
48167 6461
48166 1446
13742 24430
6095 23461
63725 33559
13740 60640
55984 26980
29013 14111
6132 12360
13719 31757
29016 37452
55993 19619
6141 39815
55998 35038
29022 11646
40547 36313
6113 171
63687 61405
40549 25807
40548 12632
29005 17783
63692 43776
6127 2245
56017 23291
13808 54180
56030 13822
13820 50576
56025 50627
6021 39407
56002 63394
56003 3129
63661 58583
21324 24192
21322 3690
63657 35123
56052 60232
63647 6869
13791 3605
40509 10439
21375 10677
13784 61388
21347 58073
40490 20554
13771 56577
56041 36211
21128 1820
63854 36398
56067 52089
21124 65400
13349 24719
48548 664
48570 2874
28923 19857
63862 39254
40918 49590
13323 27201
5738 12938
13326 60878
21155 6937
21153 38251
48516 61048
21158 60198
5735 59773
5734 54758
21176 60844
5753 5475
5759 23733
56127 885
56115 32777
28887 37197
5751 9453
56143 25637
13423 26181
21192 59484
28843 38625
63782 58022
56133 33967
40832 11476
28834 41090
48638 23070
28860 27728
48635 41617
48632 31468
28853 63615
13389 13431
5676 32352
13387 2177
48584 37724
21223 14077
56167 11901
63751 49437
21221 58447
40865 25195
21217 48043
21246 27422
5695 48757
13404 26096
63768 49420
40891 23121
48597 46751
5686 51222
28768 10932
28771 27609
20994 38370
28773 17103
28772 3928
48430 44014
63980 18208
40781 26487
28785 12955
40789 22815
21017 34307
13499 27473
63993 42467
5850 3418
56223 37333
5855 25365
5856 52
63941 57903
21035 14689
28750 53262
5875 53449
5874 48434
63956 37928
21062 58566
21056 10388
5772 25280
21068 54656
21071 21285
56269 59127
5770 22186
28714 11850
48500 49352
48499 33865
5778 25042
56292 49624
40740 55064
63879 55965
48454 54214
28676 41464
13505 60555
56301 64023
21101 44439
13517 28663
40745 24243
13514 40682
13513 57427
56299 44065
56309 34239
63892 15080
56311 55149
28690 35922
63890 55506
56306 562
63900 9776
48479 23189
63898 6682
23913 42739
63115 33729
45642 51562
23914 25994
15311 6053
63117 10167
54509 50967
15296 56084
32512 22356
32515 34681
54500 19160
36901 42127
63108 47992
23930 14842
32539 63921
6586 20282
32542 45374
23935 36789
6577 57563
36915 19721
45651 15913
15315 35497
32532 52072
15338 49930
36875 44609
54476 61184
45668 64856
54470 65094
63142 42790
63143 56509
15354 38778
36890 56730
36883 14825
32561 51035
36975 43589
6637 3095
32591 8229
15240 58396
63176 42076
54441 52531
54437 5135
6631 44541
36961 41515
36990 20894
36988 57104
32601 48451
6648 48876
32596 31400
15253 45663
32593 12411
63215 50117
6600 55132
36939 19585
54405 8943
36931 14009
54431 24277
63230 10014
6613 64159
36944 7940
62978 20962
24034 55234
62981 2415
45765 44847
37036 21472
15195 56305
63001 16899
36992 15828
6402 51426
15201 37163
63010 17154
32676 61592
15204 51800
32682 57546
15208 18684
45803 39713
15215 56645
32691 30601
32693 41855
32698 63802
6427 20401
6425 64771
32701 47431
63043 57529
37090 16066
45697 24651
63055 3877
23981 45527
63051 63105
15113 19347
45705 21523
63062 47414
23988 50440
15120 46020
23984 5220
63056 51460
45712 56900
15123 10473
6515 51273
37117 26759
54332 38608
6521 18531
54328 63020
63064 24396
32731 19313
32742 4710
54273 715
23939 58617
54275 39033
37069 46071
15149 4183
37071 10405
32747 26657
32759 37741
54294 11510
45750 31638
6495 40597
63102 64414
54777 59875
32283 7345
15071 7957
37180 42960
45917 28391
37182 15454
32285 49063
63376 26436
37163 62561
45899 50049
15054 24974
54764 35616
37154 65026
37157 63887
37159 28221
45894 28102
32313 13091
63417 41379
23643 25841
6301 20775
45950 51358
37149 9895
32304 46564
45939 7753
15093 64703
32308 39560
6295 62221
63412 6920
63403 51681
37135 59365
23631 47397
23630 1038
54720 12564
54721 30091
15076 62680
37126 9606
32294 62374
6399 30261
63455 64533
54719 42229
32349 6631
37240 7532
63449 37571
45849 21251
63450 42586
32341 53279
14994 7634
32337 60283
14988 7872
6378 19466
32329 7379
6377 19092
23588 7192
37222 50406
37218 22594
23584 49012
6364 15216
54684 27184
32376 46700
23577 60419
54682 24090
32371 3401
23565 38455
37198 22798
23564 18752
45870 17902
54664 14876
37191 59229
23557 45935
6336 8212
63458 11714
63459 55897
6192 3044
63250 48978
46037 20639
23798 15318
54646 56662
63254 41974
63258 154
32413 64295
63233 31179
37282 28034
37283 54809
6182 18854
54628 8280
63238 53126
37291 8161
54639 13125
37294 41838
54638 53806
37295 1157
46067 22985
32432 9572
63280 33508
14964 36296
37271 49165
54619 12785
6173 5543
14975 6325
46055 1021
14955 59297
37261 58039
14870 55030
32465 5883
6269 46343
14855 1565
45956 34936
23716 31128
32450 45986
32448 51732
23713 64363
63308 6784
45966 54350
6229 9759
32500 42824
14902 33814
32497 2075
46002 60402
6225 16763
46001 14043
37343 21013
32506 51834
37318 52038
6215 20061
63331 40665
23682 10082
32483 51545
54541 25399
14888 39356
32490 62986
32044 28000
32043 10337
45159 16253
45158 11238
32061 23495
32058 57274
24411 38897
37403 59569
32057 43555
45172 10184
62644 46088
32052 52616
14833 32539
62606 6478
24431 39237
7080 24124
55019 22305
24424 1276
7083 34273
55014 358
24420 34392
37411 9113
7074 54146
24444 17936
62621 38183
55035 63377
37434 61626
7097 23971
37432 2092
37433 65315
24443 35089
14806 6070
37429 39679
37449 59603
24331 22849
32107 20129
45096 13244
37448 44252
24329 1939
7113 53075
45101 43351
62702 29870
24333 51511
14765 62935
54915 45561
54918 29190
14768 22628
62708 16712
14774 27286
54934 18038
14732 55744
45059 56441
62658 19874
62656 25620
45057 18123
7139 38489
14747 817
62684 32624
32083 46377
45078 28918
37494 43606
45284 36568
62503 41277
62502 36262
62497 14315
24513 56203
24522 53738
54858 34154
37525 41311
54868 44456
14711 57325
45303 59501
62519 8365
6930 31570
45298 4914
37532 31536
54874 57818
37530 63258
6951 54333
37536 64244
54880 54452
24556 61728
32141 5815
32139 46785
14678 43062
6960 16100
54896 34596
37552 61796
54897 56475
6974 41566
14680 2636
37561 54435
24570 21370
37571 37945
32225 43691
45221 22543
37579 26113
37580 256
32239 45765
6990 48910
54799 28901
24469 28255
24468 58600
32244 55880
62584 20588
24474 50202
37595 49777
62589 63751
32252 15760
7010 48706
62535 37469
45189 26351
54826 55370
37608 46972
7026 54962
37617 54299
45201 22203
32210 13074
62545 34171
14613 39135
62549 27167
7032 33644
24504 30380
14618 61082
45215 41685
54845 45255
37660 29360
45435 26385
62906 37690
37656 5900
55253 3231
14582 32726
62899 4489
55248 18820
45423 30533
31791 51205
45420 20384
62890 31434
6795 16321
24132 3384
6791 25501
24129 1803
6784 41940
37695 35701
45403 30193
14551 2381
14550 36534
31764 21608
24180 18888
37687 38829
14546 60946
55283 5577
62867 51817
31758 26062
6828 47584
24171 41889
55273 23155
31752 38812
6822 25382
6823 39101
37670 14502
31865 48995
31866 45306
55192 21132
14522 50746
62967 11629
14517 28799
31863 52973
6856 24668
62955 545
31848 40444
31850 56458
37711 60453
55182 36942
14510 37486
24065 26827
31842 18242
62948 6104
37700 7736
24124 64720
6909 52871
6908 54928
55218 42994
14472 45340
24104 21948
62925 15607
14479 613
6895 32709
55201 60011
31810 22050
6881 13227
37733 64975
55205 18191
6677 60895
55122 23954
37778 11986
55134 55166
45567 34613
31935 37877
55133 10983
45562 12666
45548 53024
24270 7566
37769 8467
55156 5832
24309 47295
24307 18633
45523 9385
37820 23376
62750 19262
55166 33950
62751 48213
14427 43249
14405 3503
24292 45272
37799 26045
45504 29972
55136 23988
45505 47499
14415 64805
14414 18446
37841 10235
31993 55523
6744 6988
55065 3843
45503 59637
24223 50389
37826 32930
31968 43572
14372 24600
24197 35055
6731 45697
37874 35378
62804 5288
62809 22339
31962 46938
6782 47006
45468 44592
62815 58005
14340 6648
24229 31247
55081 59059
45448 32284
55082 24906
14349 55863
6765 9623
55086 494
22821 29071
7660 800
53416 11068
22827 27745
22837 52735
31573 40223
53428 63496
38002 41906
53426 29938
31570 6546
62160 31876
22844 8144
31582 37758
31576 63564
7673 25059
22840 15148
62170 20826
46619 42161
37957 20911
7621 40495
7618 59042
62176 17460
16291 63513
16288 51188
31584 6580
22799 24549
16302 50542
16303 9861
37966 35854
16299 16865
16296 6716
7636 20520
31614 16542
7644 54384
46649 47907
37979 60657
53402 2330
16326 60742
16327 57053
22886 15590
37924 42008
7591 52157
62090 39594
22891 37537
53481 10099
46664 26844
46674 54418
62098 42450
16343 32845
53492 34120
7615 7413
16351 29717
46685 41447
22848 58260
37892 24056
7559 38557
16357 62799
46697 47091
31530 7498
7561 34579
22867 63785
7570 38098
46707 38217
37911 55693
53465 24515
62143 11765
22876 47856
22956 43232
7534 18990
53286 53670
62020 55608
22944 7668
22947 19993
16157 18599
38139 2449
46746 45850
62041 9283
46741 23903
46739 3945
16146 14162
38128 32420
22925 23223
22922 35242
22923 64193
7496 22492
31721 5747
62058 30346
7492 33848
7489 49675
16190 24158
16188 51664
53272 10252
46777 37027
62073 22883
38103 19789
38102 53942
62071 26861
46768 44388
53353 3571
38050 23682
7457 18667
46787 20537
61959 36381
46811 32369
31643 61745
31645 51239
46814 31230
7487 61813
46801 40699
46805 33695
7479 64941
38024 62748
46824 29564
46825 53619
22987 39169
61996 49760
61999 25093
31649 42603
62011 20945
7452 55472
62014 2398
46833 36891
16242 37554
31666 25586
22994 30482
62002 6002
53333 44575
22578 49522
53683 21897
62429 26215
22590 45918
38269 33287
22587 64465
38266 49658
53690 55098
16024 16780
62404 49080
16007 8093
31301 64431
16004 13176
46848 57172
16000 24532
7405 16151
46902 38166
31344 17188
31345 39067
7379 22441
53649 9147
53663 11221
46911 18293
62461 57223
16056 8620
31333 43215
31332 30040
7366 30278
7367 43997
31328 37044
31331 53721
7363 64057
16044 30176
38218 64618
38217 55251
46888 8892
7371 52225
46929 47227
53749 8127
22650 62714
38203 51409
22652 22288
46913 6155
46917 51375
62341 56815
38180 28952
16072 7260
62347 20673
53739 17953
7337 17715
31247 11493
53741 37911
46927 43045
7341 41175
22617 52803
22620 8688
7324 57648
16124 37520
16098 24770
38149 15471
62377 2500
53709 33015
31453 56679
15898 65434
7291 4625
31447 63309
31444 7464
38385 49947
15891 23529
22705 18395
62291 20265
53555 6665
15883 53313
15881 32403
62272 14740
47038 21982
22681 32131
53531 55217
31480 18412
31483 45969
38358 23478
47027 65417
15923 28425
62312 53500
15909 50831
47015 8637
53507 25977
38339 33593
47067 54129
7228 3792
38320 40036
15952 16644
31376 22084
31382 630
62216 51868
31375 61541
47054 11918
15948 2432
15939 22713
7203 35225
47042 15522
31366 11782
15942 6342
38310 21030
53594 53466
38299 18225
62265 17443
53588 22696
62260 26504
47093 51647
22729 40019
31402 970
31403 64737
38287 22373
22733 11255
7168 61524
38465 36619
8131 59705
23296 39764
38468 38200
15781 61711
53895 60317
53899 51137
53901 27575
61680 49828
31088 65060
15793 40155
46131 2313
23326 62782
46142 63326
31044 51256
53924 5016
31048 39900
46089 6291
38510 5934
8174 25518
15763 17001
38516 53704
23350 20758
46101 17375
23351 4013
8182 28374
38522 1786
46106 39322
15768 64652
53946 7226
61661 30567
15847 27133
38407 18973
38401 61643
46177 24107
23363 9657
31009 36075
46178 53058
8078 2126
8079 48485
23380 48808
31026 19058
15859 49097
61619 34953
53970 17426
23377 29819
46204 39696
46206 3486
8093 33831
8091 44337
23397 30159
8102 47142
61570 62306
46146 56866
61571 2041
38447 7685
30989 7991
61583 35429
30990 13006
8105 13363
38440 56764
15824 62340
8114 8178
15838 26878
38459 3537
46252 4064
53773 12343
38606 42382
46255 31621
23426 57954
53765 19823
38596 27320
8024 46156
8030 20350
46269 51783
23454 8382
46257 35803
38608 14468
61554 59314
23441 35259
31178 10218
31180 13312
31169 12683
53794 34562
53792 22900
15618 34018
61509 38319
61530 14298
46235 31281
15641 47363
38649 12003
46233 49539
15643 2993
23485 64839
8061 59399
61535 36245
15647 13397
23486 4574
31185 53755
8049 26011
23475 48009
23477 59263
61527 48077
61524 936
61476 59416
7941 41583
31167 24821
46333 9351
61501 1735
46332 11408
23515 36721
53848 41804
15737 1123
38548 2024
53846 64822
15733 10303
61450 33066
31113 51987
31110 59654
23526 22118
7968 62068
31105 37707
7971 30873
15709 54503
31129 1667
15706 1242
31126 48502
38739 2857
61942 19670
15540 11272
46392 32556
23067 24753
7901 39271
46370 47618
46373 46479
46379 45153
15530 61898
61934 16814
54156 12224
46380 62816
7920 58532
15510 61558
23092 56968
46359 25229
61910 40886
54201 58787
23098 26810
7931 28561
23097 30499
23073 57835
46340 28408
23081 54707
15497 47635
23086 13550
46351 41957
46450 11442
7824 4676
30769 37979
61872 57444
30780 21200
23134 50814
61883 14417
30776 45612
61862 38438
15590 43878
7811 10745
30765 8535
7823 44133
38667 57665
15594 2058
38665 36755
38664 34460
38708 9096
46416 29700
23155 20809
30737 59195
46428 65264
23160 64108
38714 13754
61851 35633
30726 5254
46407 41821
61824 2772
46402 26402
7851 47329
23145 29683
7770 23002
23194 28442
23198 56254
7775 44949
61821 50695
61809 17307
54038 59382
30965 3775
30967 24685
23182 49998
7758 61966
46498 10626
46499 37401
54017 48587
7749 47023
38852 31672
38906 56186
15390 32318
30931 39849
54064 50916
23218 56050
15376 15556
7793 21659
46474 52650
23208 37180
46477 40631
23200 29428
7776 19636
30918 47686
15485 28935
23259 14961
23253 16287
38805 63071
7698 44626
15468 50848
38795 3265
61737 15539
7690 41770
7684 50168
46565 36687
61732 46360
61731 22169
46560 47924
61728 53364
38840 65196
46551 6733
54135 13805
30867 64873
15443 42025
23281 19483
46546 47890
54121 16627
46537 9555
23272 12156
15431 2653
61701 32879
46534 34630
46535 30941
